0.0037581  -0.00255776  0.00262862  0.0947393  -0.155398  -0.217651  
0.00340635  -0.00204389  0.00262862  0.0844591  -0.126932  -0.201071  
0.0031096  -0.0021495  0.00262862  0.081082  -0.126871  -0.215757  
0.00290409  -0.00245708  0.00255675  0.0809783  -0.106484  -0.237484  
0.00354251  -0.00223294  0.00262862  0.0810331  -0.112532  -0.208333  
0.00364423  -0.00245708  0.00262862  0.0809762  -0.127016  -0.215018  
0.00269862  -0.00217329  0.00257745  0.0810551  -0.126761  -0.222726  
0.00342679  -0.00245708  0.00262862  0.0809762  -0.126974  -0.201884  
0.00381766  -0.0022319  0.00222193  0.0810872  -0.133871  -0.220068  
0.00381766  -0.00183955  0.00217326  0.0980312  -0.133861  -0.220018  
0.00342662  -0.00235801  0.00217326  0.0966838  -0.105293  -0.220112  
0.00394067  -0.00204809  0.00217326  0.09997  -0.105472  -0.212026  
0.0036326  -0.00215699  0.00208552  0.0910053  -0.10537  -0.224944  
0.00376881  -0.00210931  0.00183276  0.0811425  -0.112618  -0.226197  
0.00329383  -0.00192134  0.00217326  0.0811771  -0.110415  -0.217096  
0.00382462  -0.0019121  0.00202901  0.0811841  -0.13182  -0.217058  
0.00405182  -0.00162323  0.0017378  0.081292  -0.127868  -0.217015  
0.00426813  -0.00181003  0.0017378  0.0812434  -0.108263  -0.196134  
0.00418274  -0.00182904  0.0017378  0.08124  -0.133723  -0.191399  
0.00355177  -0.00162323  0.0017378  0.081292  -0.11666  -0.208653  
0.0039182  -0.00162323  0.0017378  0.081292  -0.134952  -0.171709  
0.00361994  -0.00162323  0.00182494  0.0812868  -0.124554  -0.211525  
0.00432227  -0.00145834  0.0017378  0.0813223  -0.133693  -0.170119  
0.00352225  -0.00153653  0.0017378  0.0813145  -0.116684  -0.193242  
0.00384504  -0.00162323  0.0017378  0.081292  -0.122332  -0.170163  
0.00381506  -0.00137145  0.0017378  0.0813644  -0.109757  -0.211131  
0.00359028  -0.00136376  0.0017378  0.0813538  -0.126313  -0.170168  
0.00340132  -0.00141903  0.00128738  0.0717606  -0.12255  -0.185096  
0.00329194  -0.00151794  0.00155535  0.0669818  -0.114671  -0.20002  
0.00390643  -0.0011749  0.00133102  0.0663405  -0.122567  -0.165793  
0.0037425  -0.00162323  0.00126767  0.0732352  -0.128962  -0.195534  
0.00344631  -0.00134598  0.00144955  0.0716819  -0.125679  -0.176745  
0.00390016  -0.00162323  0.00126767  0.0715331  -0.131668  -0.166145  
0.00344631  -0.00114227  0.00153687  0.0723069  -0.122337  -0.178305  
0.00344631  -0.00115785  0.00126767  0.0673309  -0.121566  -0.166152  
0.00387806  -0.00162323  0.00126767  0.0634007  -0.127539  -0.169012  
0.0036281  -0.00123967  0.00126767  0.0678673  -0.127522  -0.139811  
0.00344421  -0.00110054  0.00126767  0.0559039  -0.127476  -0.140113  
0.00344421  -0.000917367  0.00126767  0.0424331  -0.1229  -0.140189  
0.00315108  -0.0010908  0.0011161  0.0424242  -0.107382  -0.134335  
0.00376101  -0.000571294  0.00078446  0.0424924  -0.104316  -0.108745  
0.00322633  -0.000516457  0.000784461  0.0425461  -0.104225  -0.151313  
0.00345762  -0.000927055  0.00078446  0.0423967  -0.104326  -0.110501  
0.00330374  -0.000957732  0.000978009  0.0423878  -0.104326  -0.0853154  
0.00320873  -0.000787938  0.00100045  0.0462331  -0.109477  -0.104784  
0.00231289  -0.000774618  0.00101943  0.0397163  -0.0917903  -0.102369  
0.00271144  -0.000883282  0.00078446  0.0424269  -0.104263  -0.0832746  
0.00287511  -0.000781001  0.00078446  0.0424348  -0.100469  -0.122854  
0.00236111  -0.000767633  0.000994497  0.042424  -0.0848932  -0.0960078  
0.00277444  -0.000812217  0.00078446  0.0424638  -0.103039  -0.108729  
0.00249466  -0.000847634  0.000844167  0.0424112  -0.105508  -0.1001  
0.00244029  -0.000907327  0.00078446  0.0424235  -0.0871208  -0.0859989  
0.00271512  -0.000575271  0.00078446  0.0424469  -0.104036  -0.0959507  
0.00208491  -0.00062469  0.00102955  0.0424141  -0.0705978  -0.0703677  
0.00259813  -0.000447567  0.00104612  0.0508023  -0.0901198  -0.0841772  
0.00191952  -0.00076617  0.00078446  0.0424545  -0.0818684  -0.111714  
0.00241327  -0.000589011  0.00078446  0.0424347  -0.0827412  -0.0748723  
0.00191952  -0.000888894  0.00078446  0.0453343  -0.0749959  -0.0878159  
0.00191952  -0.000969547  0.00078446  0.0424394  -0.076961  -0.102826  
0.00224445  -0.000603526  0.000527298  0.0424309  -0.0769756  -0.0749034  
0.00191952  -0.000719039  0.00078446  0.0424443  -0.0646213  -0.054473  
0.00191952  -0.000524594  0.000632385  0.042395  -0.0691691  -0.049445  
0.00191952  -0.000732041  0.00078446  0.0424467  -0.059822  -0.0618886  
0.00234646  -0.000638984  0.00078446  0.0424339  -0.0696096  -0.0864743  
0.00147443  -0.000729668  0.000784461  0.0424495  -0.0597409  -0.0743723  
0.00201428  -0.000639257  0.000784461  0.0424698  -0.0598172  -0.0589882  
0.00229367  -0.000725075  0.000784461  0.0310943  -0.0777418  -0.0672601  
0.0015206  -0.000617274  0.000784461  0.0340197  -0.0597597  -0.0653806  
0.00218706  -0.000615851  0.000647225  0.0424017  -0.0760779  -0.0244378  
0.00188573  -0.000490833  0.000784461  0.0423614  -0.066605  -0.0568274  
0.00104449  -0.00046317  0.000701195  0.0423839  -0.0531655  -0.0244302  
0.00156883  -0.000781289  0.000784461  0.0423994  -0.0546269  -0.0411545  
0.00132023  -0.000449418  0.000784461  0.0423462  -0.0563465  -0.0244167  
0.00104449  -0.000449418  0.000784461  0.0423462  -0.0366625  -0.0244286  
0.00098084  -0.000449418  0.000784461  0.0423462  -0.047155  -0.0467477  
0.00120484  -0.00034793  0.000415554  0.032654  -0.030079  -0.0229369  
0.00136979  -0.000449418  0.000405424  0.0423539  -0.049117  -0.0229459  
0.000932356  -0.000449418  0.000509198  0.0327976  -0.0331645  -0.0672693  
0.000443835  -3.9912e-05  0.000514784  0.0256685  -0.0243503  -0.0466181  
0.000869445  -1.83742e-05  0.000499714  0.0256852  -0.0348316  -0.0366117  
0.000647629  -0.000152119  0.000374267  0.0213191  -0.0295619  -0.0459301  
0.000418262  -0.00013983  0.000784461  0.0256449  -0.0265784  -0.0197995  
0.000667109  -0.00019663  0.000784461  0.0256419  -0.0250281  0.0131816  
0.000366208  -2.21269e-05  0.00038571  0.0256555  -0.026265  -0.0243011  
0.000185721  -2.94179e-05  0.000517596  0.0229654  -0.0248662  -0.00448054  
0.000310424  -0.000322435  0.000377044  0.0166334  -0.0087094  -0.00448084  
-9.8133e-05  0.000164321  0.000170282  0.00929792  -0.0204226  -0.00226816  
-0.000526066  0.00025221  0.000346523  -0.00392534  -0.00235778  0.0139406  
-0.000359423  0.000273396  0.000346523  -0.00216642  -0.00236725  0.0139573  
-0.000237412  0.000203435  -1.41309e-05  -0.00418088  0.00420686  0.0347461  
-0.000685501  6.86946e-06  -6.8804e-05  -0.00119591  0.0110259  0.0109073  
3.81321e-05  -1.54071e-05  -3.84625e-05  -0.00153512  -0.00235821  0.00715373  
-0.00112233  0.000214985  8.84835e-05  -0.00161562  0.0201164  -0.0344544  
-0.00105043  -0.000449418  -0.000332227  -0.0370945  -0.00233685  -0.04066  
-0.000304202  -0.000449418  -0.00060617  -0.037098  0.0136624  -0.0367494  
-0.000469561  -0.000370519  -0.000332227  -0.0202798  0.0415103  -0.0640213  
-0.000320128  -0.000449418  -0.000497817  -0.037116  0.040336  -0.0499412  
-7.93176e-05  -0.000522873  -0.000332227  -0.0321457  0.025606  -0.0498842  
-0.000908423  -0.000449418  -0.000332227  -0.0177937  0.060139  -0.0498351  
-0.000410656  -0.000449418  -0.000513108  -0.0178009  0.0350609  -0.0243021  
-0.000823109  -0.000449418  -0.000332227  -0.0292617  0.0350312  -0.0533954  
-0.000899399  -0.000449418  -0.000332227  -0.0275175  0.0350422  -0.0311161  
-0.000723916  -0.000235763  -0.000332227  -0.0246826  0.0157729  -0.0451979  
-0.00120721  -0.000253485  -0.000332227  -0.0177796  0.0234197  -0.0653068  
-0.000831158  9.82512e-05  -0.000332227  -0.0177751  0.0446547  -0.0343966  
-0.000786117  -0.000449418  -0.000332227  -0.0238128  0.0314712  -0.0531223  
-0.00119279  -0.000278745  -0.00019194  -0.017781  0.0394315  -0.0429339  
-0.000717699  4.21111e-05  -0.000332227  -0.0177963  0.0269732  -0.0273989  
-0.000799959  -1.51942e-06  -0.000332227  -0.0177879  0.0358724  -0.00519535  
-0.000972056  3.44892e-05  -0.000332227  -0.0177828  0.0157962  -0.0605144  
-0.00090212  0.000192171  -0.000332227  -0.0177778  0.0560165  -0.0329309  
-0.000837422  5.10419e-05  -0.000332227  -0.0177938  0.0298568  -0.0366842  
-0.00119279  -3.80275e-05  -0.00022806  -0.0145822  0.030444  -0.0366796  
-0.00119279  0.000526751  -0.000332227  -0.015375  0.0417402  -0.0366851  
-0.00119279  7.51814e-05  1.00118e-05  -0.0177672  0.0357286  -0.0257178  
-0.000688712  0.00022144  -0.000217616  3.81203e-05  0.0245555  -0.0366947  
-0.00148316  0.000272103  -1.71185e-05  -0.0167348  0.0578683  -0.0366856  
-0.000783398  0.000277747  -0.000332227  -0.0168  0.0350659  -0.0023481  
-0.00145259  0.000228378  -3.50106e-05  -0.0207965  0.0516176  -0.0412878  
-0.00126669  0.000644433  -0.000332227  -0.0167935  0.0385386  -0.0191144  
-0.00145259  0.000227396  -0.000193759  -0.016743  0.0385433  -0.0388165  
-0.00114933  0.000263911  -0.000202407  -0.00938367  0.0583792  -0.0217634  
-0.00120874  0.000207343  -0.000191975  -0.0115455  0.0579233  -0.021766  
-0.00153812  0.000292405  3.83229e-05  -0.00299775  0.0385441  -0.0667673  
-0.00175933  0.000718839  -0.000332227  -0.0149488  0.0714447  -0.0482587  
-0.00178146  0.000241116  -0.000332227  -0.0149818  0.038563  -0.04443  
-0.0015823  -3.93819e-05  -9.94917e-05  0.000514794  0.0424194  -0.0535956  
-0.00113745  -9.8216e-05  -0.000185878  0.00567287  0.0339978  -0.0174786  
-0.00161757  5.82351e-05  -9.40175e-05  0.00570116  0.0385058  -0.0174628  
-0.00125244  9.76222e-05  -1.98279e-05  0.00198409  0.0135778  -0.0454555  
-0.00183347  -2.8613e-05  0.000210032  0.00836099  0.0136252  -0.0454453  
-0.00162623  0.000362033  0.000243601  0.0101085  0.0255499  -0.0454338  
-0.00115486  0.000106082  -0.000103892  0.00795389  0.0503484  -0.0307547  
-0.000430152  -0.000112573  -0.000222587  -0.00493329  0.0544727  -0.0541489  
-0.00123401  -0.000301632  -0.000213955  -0.00842174  0.0588509  -0.0454852  
-0.00114892  9.45413e-05  -0.000235165  -0.00848656  0.0314901  -0.0720031  
-0.00202558  2.92345e-05  -7.81807e-05  -0.00839646  0.0379181  -0.0601392  
-0.00169453  6.4269e-05  -0.000179593  -0.00241615  0.0402481  -0.0526553  
-0.00103232  -0.000150155  -0.000213117  -0.00560775  0.031503  -0.0527037  
-0.00147726  9.73733e-05  0.00019756  0.00799143  0.0315657  -0.0526834  
-0.00136986  0.000315986  -0.000246042  0.0079458  0.0315292  -0.034814  
-0.00148002  7.36392e-05  -7.53856e-05  0.00366061  0.0343259  -0.0348136  
-0.000794863  0.000100221  -0.00022016  0.00795218  0.0315095  -0.0348323  
-0.00194329  0.000227968  -0.00022016  0.0141157  0.0316195  -0.0595587  
-0.00158721  0.000109055  -0.00022016  0.0243173  0.031591  -0.0653585  
-0.00194329  0.000116052  0.000132459  0.0243611  0.0189139  -0.0839896  
-0.00159368  6.35256e-05  0.000323403  0.0243675  0.0435629  -0.0752423  
-0.00119034  6.98505e-05  0.000225829  0.0243402  0.0315212  -0.0441482  
-0.00106459  -0.000167036  0.000101697  0.0160662  0.0315075  -0.0794943  
-0.000819543  0.000158757  -7.0609e-05  0.0183377  0.0314546  -0.0497891  
-0.00118599  0.000387739  -0.00022016  0.00796417  0.0413638  -0.0649382  
-0.000807709  8.69779e-05  -0.00022016  0.0100187  0.0250537  -0.0635528  
-0.00129874  0.000146127  -0.000140441  0.00793653  0.0315367  -0.0963173  
-0.00128487  5.62238e-06  0.000314471  0.0240725  0.0315191  -0.0726912  
-0.00102706  -1.57099e-05  -5.87627e-05  0.0177598  0.0314943  -0.0607549  
-0.00145448  0.000390258  -0.00022016  0.0240432  0.0427767  -0.0836608  
-0.00122345  0.000207407  -5.56536e-05  0.0240334  0.0421858  -0.0503227  
-0.00135376  -0.000136905  5.42721e-05  0.0185264  0.0335752  -0.0567463  
-0.00116831  5.46037e-05  -9.46661e-05  0.0181479  0.0315108  -0.0957983  
-0.00152633  -7.91709e-06  0.000138265  0.000178904  0.0315448  -0.076559  
-0.00125191  4.95498e-05  -0.00022016  0.00642573  0.0315278  -0.0586451  
-0.00110175  0.000173343  3.00126e-05  0.00645258  0.0253413  -0.0907882  
-0.00121875  0.000300142  0.000545999  0.00650788  0.0651779  -0.0798161  
-0.00099576  0.000101483  4.14849e-05  0.0142897  0.0321207  -0.0530673  
-0.000937458  0.000372686  -0.000220161  0.025507  0.0454952  -0.0794744  
-0.00099576  0.000204262  -0.000220161  0.00209174  0.0439509  -0.0708393  
-0.00135613  0.000339133  -2.97677e-05  0.00476936  0.0465054  -0.0822577  
-0.00100998  -8.02075e-05  0.000269165  0.0078903  0.0405049  -0.0822706  
-0.000691109  0.000373829  0.000225157  0.00790451  0.0383248  -0.0608554  
-0.00131639  -8.02075e-05  0.000225156  0.00787844  0.0384136  -0.0673991  
-0.000819075  2.75709e-05  -0.0001109  0.00352774  0.0653144  -0.0869487  
-0.00128551  0.000414409  -0.000185995  0.00788408  0.055437  -0.0810299  
-0.00144841  0.0003702  -0.000150303  0.00102668  0.0769628  -0.0810373  
-0.00115992  2.80417e-05  -0.000112354  0.00786781  0.0754987  -0.11522  
-0.000646925  0.000509765  -0.00015209  -0.00664299  0.0621937  -0.0769963  
-0.00134229  -8.02075e-05  0.000225156  -0.00819811  0.0640187  -0.0913927  
-0.00146718  0.000340717  -7.19407e-05  -0.00817225  0.0964388  -0.113007  
-0.00114825  0.000330754  0.000225157  -0.00816074  0.0631795  -0.0862657  
-0.00121653  0.000576686  -2.13327e-05  -0.00812613  0.062924  -0.106818  
-0.000799631  0.000492807  -0.000407419  -0.00824176  0.0663858  -0.0850899  
-0.00124649  0.000316887  -0.000196929  0.00395278  0.0623279  -0.103912  
-0.00164743  0.000786563  -0.000215544  5.99193e-05  0.0963031  -0.122774  
